ID,Predictions
1461,-906240.0195767159
1462,-919893.1274639467
1463,-980442.0807504415
1464,-964155.3748743865
1465,-354938.4192292029
1466,-970757.9550093237
1467,-924678.7229869297
1468,-970706.8389493619
1469,-912783.8757225104
1470,-944122.3867264618
1471,-949645.0104389813
1472,-1075708.8690927539
1473,-1085438.475842894
1474,-1099017.3817788553
1475,-953345.3381276411
1476,-627122.0593376425
1477,-606815.5498941543
1478,-594177.5405403739
1479,-606838.2941850917
1480,-577964.3438246404
1481,-636973.8113253524
1482,-706169.7455784273
1483,-937539.9208539042
1484,-1021236.3876811098
1485,-889144.3008120727
1486,-964393.7365311839
1487,-556552.5369752699
1488,-799097.6160959601
1489,-810264.723863686
1490,-817097.3549825425
1491,-954954.9071732322
1492,-884189.0151072784
1493,-959876.7693709206
1494,-559579.7515412901
1495,-559606.5659011344
1496,-885935.3563949848
1497,-1049399.9250787986
1498,-1050639.8956620404
1499,-1050639.9296231477
1500,-1060362.789386482
1501,-1054531.60692116
1502,-1049486.7812155425
1503,-767466.828440516
1504,-833659.3436712102
1505,-810331.6072903053
1506,-995681.3383888558
1507,-1028973.0594047171
1508,-1020641.3054526721
1509,-1016434.6421430011
1510,-921213.9939050403
1511,-937332.5723783846
1512,-926925.7426562124
1513,-891764.3533651697
1514,-1081108.6514612248
1515,-938215.5150285398
1516,-933982.3959100533
1517,-818255.4202832379
1518,-1043346.3720555508
1519,-913458.3952751353
1520,-958163.6936115578
1521,-958155.5802933513
1522,-905659.6376324851
1523,-984466.9568586646
1524,-940519.4270753728
1525,-945839.1600240897
1526,-1005012.341647096
1527,-891219.4390903177
1528,-946693.9903626204
1529,-915956.7400268535
1530,-914543.4545972778
1531,-1043858.0315995854
1532,-978583.2743714586
1533,-973601.936998822
1534,-966653.8352147698
1535,-1016831.4938886409
1536,-1023816.381806524
1537,-997257.3611912376
1538,-1006624.762327785
1539,-982147.4326575694
1540,-1092371.594639149
1541,-1005851.9455090471
1542,-953949.792768289
1543,-935376.6310176416
1544,-912532.6799253338
1545,-954009.771847095
1546,-923682.7165444815
1547,-954084.8562449794
1548,-937729.0240636048
1549,-946021.0065420567
1550,-952357.7072304981
1551,-959381.4024282335
1552,-1003246.8059681706
1553,-1042641.7944551334
1554,-1036202.4248299203
1555,-864879.7794038771
1556,-889913.8561814257
1557,-1141597.6039837569
1558,-1072275.4470157917
1559,-1359503.2704543904
1560,-1035508.4688321198
1561,-1156093.255638284
1562,-986065.7264401471
1563,-999107.9047717365
1564,-1095568.5467071938
1565,-1010214.699679172
1566,-804946.0862649761
1567,-956474.4172781835
1568,-870123.0244963876
1569,-1050705.5864353073
1570,-977311.2539862007
1571,-1026922.2612386872
1572,-989916.6101600837
1573,-964874.664907798
1574,-989596.3037213708
1575,-909850.1299481293
1576,-909145.9352676289
1577,-898592.2728456565
1578,-931273.4275296984
1579,-811665.4853667135
1580,-931805.5338430518
1581,-901532.4518609362
1582,-911268.8420545298
1583,-852019.633150872
1584,-928822.2208141084
1585,-996703.8600518992
1586,-975582.1280141697
1587,-994720.3420071636
1588,-999179.4368864768
1589,-1012756.1925510461
1590,-958559.7091996653
1591,-1033408.5602329484
1592,-1010641.3980100764
1593,-983835.8688008935
1594,-1153168.0765795643
1595,-1124127.2688077074
1596,-824176.3362137266
1597,-913397.351510519
1598,-759833.2682205276
1599,-922310.2155672028
1600,-922068.6042236693
1601,-961650.4674932677
1602,-984111.0628541339
1603,-1126494.9728733902
1604,-879543.790611719
1605,-957578.3112801576
1606,-925912.4092068534
1607,-1075635.0582679885
1608,-875824.5690691173
1609,-899483.1863952655
1610,-952675.0795782591
1611,-978819.876040173
1612,-980283.3420315059
1613,-974496.4590010701
1614,-987055.2233703394
1615,-1168616.2365267694
1616,-1188217.6379058973
1617,-1151472.3108646236
1618,-987618.4232021433
1619,-965531.4089288414
1620,-1069944.9364511669
1621,-1012706.4625137399
1622,-1020985.2586745647
1623,-929170.8257596648
1624,-1000802.0155533941
1625,-942628.2907838796
1626,-923626.164374871
1627,-970702.9780664954
1628,-933880.7542923078
1629,-889228.9142520614
1630,-351671.8667317362
1631,-351891.08495962806
1632,-354837.2668448709
1633,-889230.5387680992
1634,-970685.3318286302
1635,-970760.0607279835
1636,-934796.3686812819
1637,-971228.3248330683
1638,-1018837.7532209837
1639,-995541.791850888
1640,-1015745.7716456896
1641,-999135.9087706372
1642,-843352.6962873066
1643,-830720.1973461332
1644,-833634.5364792425
1645,-998799.367178967
1646,-995670.1246876924
1647,-986567.9209333174
1648,-921162.6572510237
1649,-922947.8698224347
1650,-935838.7849219291
1651,-929289.9819776304
1652,-1075679.8634947697
1653,-1069160.558680794
1654,-1112579.3179932754
1655,-941180.0966478828
1656,-1105522.1803015643
1657,-1106680.0620040772
1658,-1108442.8005218343
1659,-953330.8442364805
1660,-924276.1865642264
1661,-626825.2148423018
1662,-630019.9762693341
1663,-597028.3378302804
1664,-568167.6851426886
1665,-597064.34090198
1666,-603922.5994739225
1667,-640418.9783664285
1668,-597063.5157573456
1669,-594184.2183827104
1670,-594120.0015039062
1671,-634402.7045898185
1672,-594110.8742544595
1673,-636675.8744655189
1674,-606851.3702215247
1675,-725668.707825573
1676,-725675.3829748767
1677,-715898.0904180941
1678,-568234.1830406601
1679,-587768.5696506328
1680,-693399.0492201623
1681,-696388.4187267172
1682,-606895.5982775061
1683,-715950.470781407
1684,-960865.5275014342
1685,-970603.0037482621
1686,-1021241.3940080971
1687,-889144.4964806875
1688,-964405.2349305808
1689,-960862.8494935901
1690,-960889.8820022345
1691,-960908.0418752859
1692,-933928.6398833599
1693,-889144.481296884
1694,-970671.8680408477
1695,-892145.4582130959
1696,-943673.9872024187
1697,-882676.5218616335
1698,-562983.6714093095
1699,-523578.3605375756
1700,-587113.248612022
1701,-580314.7625486222
1702,-799041.2059831766
1703,-779995.2632145981
1704,-799055.0028312687
1705,-816889.7733105964
1706,-786307.5825548606
1707,-807316.5585648938
1708,-810255.9551460843
1709,-770049.9941869341
1710,-800537.7291363591
1711,-809922.766448727
1712,-797524.4587901577
1713,-789530.7853142611
1714,-810309.3425786868
1715,-843381.5487335039
1716,-904235.8321874773
1717,-910793.9999415928
1718,-957878.8712843873
1719,-958483.690861622
1720,-891426.3244524556
1721,-904955.9196582736
1722,-967625.6253091093
1723,-936748.6496493035
1724,-901117.7710768873
1725,-955017.1833480205
1726,-958328.6960865402
1727,-1010423.5980750046
1728,-955114.6134251602
1729,-951921.0876461386
1730,-1028629.3812466592
1731,-978459.132255232
1732,-971954.9243547982
1733,-998027.117313365
1734,-994128.9255779412
1735,-984260.9232001937
1736,-991472.8261109443
1737,-538594.7180637245
1738,-564670.9431347136
1739,-1029132.5724672239
1740,-879473.0402924222
1741,-883352.9522622267
1742,-1054531.6060101315
1743,-1044811.9878007723
1744,-549931.0177624682
1745,-576383.6957925098
1746,-530839.5485783918
1747,-1018892.1899722769
1748,-1022136.3783164469
1749,-1011990.0783422866
1750,-1020935.1569051483
1751,-999993.9808922195
1752,-948614.1172215864
1753,-915286.694592922
1754,-1025428.3637944146
1755,-897625.9353512707
1756,-929446.1124104123
1757,-940443.401799793
1758,-926464.6737715222
1759,-922369.445993241
1760,-914742.4556025412
1761,-916547.3277272269
1762,-957030.7399930499
1763,-895593.2262262191
1764,-958244.7918400296
1765,-921645.3203802755
1766,-917278.4682281027
1767,-898253.4465718385
1768,-945139.4242137981
1769,-889401.6078527619
1770,-919149.7134022353
1771,-958199.6951855603
1772,-952321.1563439578
1773,-962071.0815367753
1774,-1051029.159479379
1775,-929567.134062108
1776,-936420.8672842594
1777,-908392.9511803101
1778,-932807.7472538772
1779,-939191.3460241834
1780,-932215.8633692907
1781,-948817.9908349123
1782,-1016978.639105354
1783,-1010471.5437420848
1784,-1047239.3393964907
1785,-947257.7270146747
1786,-1006768.4325309114
1787,-986719.145164164
1788,-1011858.7956612081
1789,-929573.5156501904
1790,-964245.0323482332
1791,-986260.4657002656
1792,-913280.5562589924
1793,-934131.7331725426
1794,-896917.302724506
1795,-937234.0896600978
1796,-946631.8806395502
1797,-945557.1824173892
1798,-951657.3408738815
1799,-940561.6592939461
1800,-932057.062423692
1801,-968848.4168370689
1802,-932492.647312026
1803,-954758.8669080298
1804,-1033893.0556732819
1805,-941842.826533257
1806,-1000775.9444191514
1807,-1089364.4448467623
1808,-974052.9850331199
1809,-1064718.8733876972
1810,-1021869.6741381409
1811,-1082430.009714546
1812,-1052942.3262719687
1813,-1000725.142418831
1814,-951679.0295486028
1815,-1004692.8883678803
1816,-949557.2562743285
1817,-1057401.9266708572
1818,-1039123.0900023859
1819,-1041601.570741086
1820,-1205545.1212985036
1821,-1014066.6216013394
1822,-1001415.6629831102
1823,-1178931.210291414
1824,-893123.864342148
1825,-986428.8206973562
1826,-978785.4403328799
1827,-909295.8409270556
1828,-966422.9543051366
1829,-832936.5460482421
1830,-1024745.615715126
1831,-1022634.3278514842
1832,-1168233.6101833356
1833,-1014121.5650954224
1834,-1041613.6516061056
1835,-1043868.3175071336
1836,-977419.9803255004
1837,-892518.6508234306
1838,-985258.280460391
1839,-984235.836016612
1840,-1131212.736749872
1841,-1112703.2548998864
1842,-1033188.2695781871
1843,-978202.2173983089
1844,-870365.1326249932
1845,-968012.0121072639
1846,-947312.6718456096
1847,-826476.2887954274
1848,-1070731.0810777172
1849,-989043.0256071979
1850,-1000032.63042743
1851,-1011562.7796953601
1852,-1000578.3770446095
1853,-1077311.783199593
1854,-871348.1666241128
1855,-887689.4513756677
1856,-955086.2917382808
1857,-985604.4032418098
1858,-1052608.4219934389
1859,-1051499.8112004693
1860,-1028130.2445735419
1861,-1051502.597700771
1862,-956741.3883365334
1863,-956741.5865357822
1864,-956741.5846631131
1865,-843114.1514373359
1866,-858353.9859926003
1867,-868127.4447647762
1868,-888816.1296596415
1869,-898627.2249876226
1870,-868154.4863954787
1871,-865231.905507874
1872,-938528.8846220489
1873,-857270.9071814953
1874,-929810.501430677
1875,-895800.3143070827
1876,-941522.9530350423
1877,-898680.0360910252
1878,-898688.4388560861
1879,-937250.0703221845
1880,-903446.3873441315
1881,-877937.6912538972
1882,-925465.2689064133
1883,-931729.9502582233
1884,-931726.4853056149
1885,-886037.9652058944
1886,-885954.7173808896
1887,-892885.8223102521
1888,-868124.9269086411
1889,-942050.7478412883
1890,-1004925.6964037508
1891,-1027810.9768717207
1892,-1010937.9123872478
1893,-1005952.4266623515
1894,-1135379.3796135532
1895,-999970.8486222256
1896,-1017282.4830299454
1897,-1036446.2660139485
1898,-1084860.70741715
1899,-756689.2111822953
1900,-864050.8831420484
1901,-824204.5651278708
1902,-850257.4582925148
1903,-894023.5541007973
1904,-837297.5303207997
1905,-805805.5361834794
1906,-849376.9759979917
1907,-801880.9475857734
1908,-1116836.3857596165
1909,-1102450.6051563404
1910,-1102450.5988803683
1911,-766714.706265134
1912,-776201.0893216196
1913,-998173.5506955078
1914,-1126786.3659437397
1915,-879500.0273275408
1916,-959831.7646778652
1917,-964015.5886633119
1918,-878539.4538332496
1919,-840993.367459076
1920,-975762.907259475
1921,-856254.1854006699
1922,-856304.1538729954
1923,-923610.8758344098
1924,-854616.0585867219
1925,-929619.9019800603
1926,-856276.0737031683
1927,-986462.4616501802
1928,-974923.8194652312
1929,-876485.2418198151
1930,-966249.331104709
1931,-868530.1432237967
1932,-1012690.6529517687
1933,-1004603.0686715028
1934,-970703.749868124
1935,-974297.8334571945
1936,-970689.2049087709
1937,-970714.4131358668
1938,-944469.408909365
1939,-339584.5435394518
1940,-354938.4159393788
1941,-970685.7411859618
1942,-970779.4847143494
1943,-354974.66167069576
1944,-285188.79096380924
1945,-242722.42279495602
1946,-958775.6427659629
1947,-344924.8030023526
1948,-925134.7926176493
1949,-985653.0582615429
1950,-973375.8102388135
1951,-989348.8582258887
1952,-989370.2741255075
1953,-999227.6245194651
1954,-1012937.7657160381
1955,-1037673.8201306858
1956,-967833.1733815775
1957,-996263.1301006398
1958,-994613.7603826098
1959,-1012052.9167219743
1960,-955382.1741739889
1961,-932615.984742358
1962,-1075679.8634947697
1963,-1069160.6217828058
1964,-1081577.6608559312
1965,-1104887.6279186043
1966,-928747.02327747
1967,-603904.6286890211
1968,-587677.2065432111
1969,-594116.4765496812
1970,-630662.1969268256
1971,-600212.1134668007
1972,-630729.8114605427
1973,-640476.0388905192
1974,-640488.8432813587
1975,-572071.9925513611
1976,-603963.6204105462
1977,-636944.8748857497
1978,-640454.2083180824
1979,-672680.0407859584
1980,-715925.8306614832
1981,-675638.1448215905
1982,-703238.2372697279
1983,-706173.3610481799
1984,-880023.1662282898
1985,-1000519.4521229872
1986,-1012193.3185651172
1987,-942641.8574510685
1988,-970613.7892043595
1989,-964424.3408613304
1990,-964379.4234342307
1991,-709364.4349468376
1992,-963820.0713176266
1993,-960914.2486489168
1994,-964396.534296076
1995,-964475.2722793061
1996,-566402.3994157834
1997,-553300.1188712248
1998,-523527.5206513821
1999,-590026.8624833652
2000,-546465.8743404518
2001,-566405.3845142345
2002,-802956.2667523905
2003,-847957.5719634468
2004,-829183.9629409855
2005,-816886.1821140593
2006,-800532.8173844744
2007,-776839.9478529718
2008,-807358.7170608529
2009,-964706.6994073981
2010,-954968.8602138036
2011,-973977.5901998763
2012,-918954.673023725
2013,-964833.7466003889
2014,-964852.9850853478
2015,-955100.0164579123
2016,-964738.0553561555
2017,-952184.9490733782
2018,-1003853.162153625
2019,-979607.9879615791
2020,-1051789.6503883547
2021,-997998.2493312536
2022,-592690.7488090594
2023,-1003358.4067789176
2024,-599788.048910911
2025,-567567.3166086345
2026,-888901.3230441688
2027,-1060366.858785934
2028,-1060818.6392384109
2029,-1054541.916926113
2030,-866491.4477612145
2031,-857158.3487075203
2032,-854209.4295887955
2033,-869451.3648782362
2034,-1044817.906293698
2035,-840459.046121447
2036,-1035052.15097016
2037,-1035049.7829534007
2038,-1017238.1805391236
2039,-642134.944283451
2040,-578423.1395097617
2041,-549063.0629738455
2042,-843376.1898072972
2043,-969601.6384141966
2044,-989916.6161388794
2045,-973562.0359602654
2046,-1116428.0251828623
2047,-957950.729285225
2048,-919627.8050907562
2049,-1044411.7679550839
2050,-1019871.7764817324
2051,-958223.5511808718
2052,-937417.1165841812
2053,-945084.5753207766
2054,-1003527.4084619726
2055,-927029.0391713466
2056,-938668.1505570641
2057,-958264.2838074339
2058,-943689.5750224688
2059,-964722.2871133476
2060,-941237.9638791191
2061,-921127.4411828928
2062,-958212.0205215554
2063,-945894.0320079306
2064,-910191.2790594655
2065,-932865.7332617075
2066,-920892.3015657474
2067,-948310.416433996
2068,-1044515.0483519703
2069,-1002020.6284386307
2070,-1001920.6349220853
2071,-956833.184078118
2072,-959364.9068496497
2073,-911740.3754059724
2074,-888769.2532390438
2075,-938375.7145683157
2076,-919837.2927646192
2077,-935499.8978302308
2078,-952264.6297089122
2079,-935210.1474506981
2080,-912538.4912849931
2081,-965019.5366098988
2082,-1087648.1090749844
2083,-932520.6000838737
2084,-939338.6573923079
2085,-952238.7506192732
2086,-996936.4911139371
2087,-996146.801296789
2088,-1064503.7025856855
2089,-975460.5861715488
2090,-1007336.8212337419
2091,-1082595.4962706147
2092,-1008678.3962066788
2093,-1030294.0775368434
2094,-965622.5836952985
2095,-1019500.9467737797
2096,-962799.4558136791
2097,-1027141.1563354156
2098,-981969.2997642823
2099,-1036893.6589224472
2100,-1071740.6306870773
2101,-1036336.5678907793
2102,-1007105.7763024243
2103,-1017603.4860808579
2104,-1033591.7460327318
2105,-1045952.4496330941
2106,-1100209.7071968694
2107,-1008747.6879108644
2108,-1000873.6575916529
2109,-1010615.9084910109
2110,-893932.7131497035
2111,-926814.7948834227
2112,-964212.347102979
2113,-963710.5492649407
2114,-960572.9418798985
2115,-937812.9076200613
2116,-882061.1925883428
2117,-950175.6688022763
2118,-963229.6690607043
2119,-913579.2373995875
2120,-972252.4755095931
2121,-951007.7058397423
2122,-973638.5562388358
2123,-907846.7299923588
2124,-932686.3372697975
2125,-1040887.9779259092
2126,-940576.647743193
2127,-1021045.4484836397
2128,-1001113.0082312026
2129,-895560.1599038539
2130,-996161.6583872667
2131,-952714.0487631188
2132,-962839.4163205171
2133,-889066.04711441
2134,-973684.2281567685
2135,-892498.0840326953
2136,-1075387.0460741487
2137,-992854.4871244403
2138,-867304.0053169051
2139,-941186.8088343124
2140,-990726.4636975648
2141,-850763.7255266326
2142,-1003783.8359598404
2143,-872343.9595291174
2144,-1039448.7287074925
2145,-981319.6477122658
2146,-947994.3068690397
2147,-914620.0781873674
2148,-948861.5160420713
2149,-909564.1803076551
2150,-820805.8293964096
2151,-1003077.762330712
2152,-971993.4010378141
2153,-993443.6104784118
2154,-1139070.5149485182
2155,-1004842.5239217954
2156,-965303.6193332162
2157,-905903.8597114873
2158,-955049.2570560714
2159,-876795.4200219045
2160,-932313.6099232836
2161,-868123.3239431035
2162,-858283.5289113596
2163,-839297.3072902433
2164,-862520.2176777145
2165,-827786.0806074897
2166,-904401.3725661711
2167,-898755.9459664425
2168,-941538.05871915
2169,-931767.9970094154
2170,-931746.4984921969
2171,-909961.5047213427
2172,-895084.3608389581
2173,-909070.9905721407
2174,-931688.9793488908
2175,-892119.8859996482
2176,-868173.9044296361
2177,-935189.7382131366
2178,-916156.5704714622
2179,-999624.4814868734
2180,-1006259.7227563085
2181,-892780.7063582779
2182,-871337.3521057717
2183,-898618.088982621
2184,-999885.1835397225
2185,-883847.9170060095
2186,-947806.3766475201
2187,-942494.7536202626
2188,-992189.6584048741
2189,-942094.0904250987
2190,-1145245.8113571263
2191,-1145245.769196765
2192,-1086159.448337008
2193,-1017174.9304025373
2194,-1010496.6459984283
2195,-1015705.9617471526
2196,-981880.1077126238
2197,-943432.211851585
2198,-976934.4593195099
2199,-1095692.8913627751
2200,-886735.1066424649
2201,-830993.814146545
2202,-843819.1390235792
2203,-884441.6256978764
2204,-857216.4082267887
2205,-874158.5454053727
2206,-837071.231013387
2207,-833150.656287993
2208,-782835.8300896728
2209,-803044.6941937499
2210,-1116836.3783701654
2211,-903252.5484620444
2212,-964235.0507645458
2213,-1003109.9252385247
2214,-927311.482496671
2215,-925341.0214913741
2216,-991145.7082095027
2217,-979331.697509153
2218,-1216997.2089240947
2219,-1181617.3378265726
2220,-1207114.1933212585
2221,-879500.0273275408
2222,-889285.2547631608
2223,-933362.8258055049
2224,-967361.3188972372
2225,-1064715.9029033359
2226,-984310.303135157
2227,-968878.9521143665
2228,-866087.9648911014
2229,-919848.8304646834
2230,-877384.3070562877
2231,-908875.3994963696
2232,-903608.6940540965
2233,-903682.1958857151
2234,-886864.9006368836
2235,-909311.3713354652
2236,-886770.4064056792
2237,-849932.6952726193
2238,-1040942.4034828078
2239,-1022601.7918399462
2240,-1058009.9802670274
2241,-865020.4105033106
2242,-960422.6972073255
2243,-1147385.8061458163
2244,-957761.3734956558
2245,-964295.2002402162
2246,-992976.7445299724
2247,-1132245.279275618
2248,-986269.5384477957
2249,-992814.1709122107
2250,-972058.1499505433
2251,-1042811.6287166935
2252,-911246.2189947173
2253,-898986.2423314158
2254,-898992.2078271807
2255,-970661.9727873338
2256,-960985.6256372533
2257,-966774.8142545376
2258,-930939.9180742945
2259,-973692.8115911174
2260,-932510.8550219728
2261,-355009.233851157
2262,-358782.6407939439
2263,-285184.2320070121
2264,-226518.36873838573
2265,-963340.9370067773
2266,-342016.5963359764
2267,-263751.63282360986
2268,-232932.04697030399
2269,-996167.3407733288
2270,-1012331.0003116095
2271,-982866.0209676
2272,-1022436.5792939977
2273,-992582.1617099452
2274,-1002101.3929362113
2275,-996363.8784228379
2276,-956836.6811171712
2277,-1022787.8461961225
2278,-926026.2171793883
2279,-958033.1685421003
2280,-953695.7029082435
2281,-959357.557311563
2282,-959415.2228229374
2283,-1069133.5329096657
2284,-1075651.1253880009
2285,-942919.8744294504
2286,-946860.208614432
2287,-594148.0714986445
2288,-606840.1167696019
2289,-587720.482910109
2290,-630045.4492059087
2291,-640435.1346435635
2292,-568276.1288011577
2293,-594040.2696759978
2294,-630677.1741491291
2295,-568216.1365915581
2296,-655881.8898124952
2297,-640474.5036902048
2298,-578034.080713012
2299,-643345.7865493653
2300,-636949.8651936552
2301,-636960.630170393
2302,-616606.3105373746
2303,-627572.4807573243
2304,-643450.750014428
2305,-713380.6839000819
2306,-713380.6837988566
2307,-725668.2324171772
2308,-706146.5736169723
2309,-696416.5351453444
2310,-703240.4921012055
2311,-715950.4828272244
2312,-979932.8172414809
2313,-970597.4039530661
2314,-980514.5694719204
2315,-973523.1470553116
2316,-950450.2986861118
2317,-937539.9853327028
2318,-970572.3490546086
2319,-960836.6846232114
2320,-924179.6715657379
2321,-990761.0351880202
2322,-942639.3247751029
2323,-901737.4662073768
2324,-889144.4129697682
2325,-914578.3257393041
2326,-889156.4662698879
2327,-964383.7792586137
2328,-964392.6675121385
2329,-973585.3494672404
2330,-973604.8182702907
2331,-556556.9688496414
2332,-546742.3889989696
2333,-556543.6436106355
2334,-569858.0697128018
2335,-580334.0768800585
2336,-559513.8503983737
2337,-817155.742178543
2338,-793204.9306405362
2339,-816876.7821106964
2340,-776603.4100531889
2341,-787617.6364025929
2342,-819825.9914843248
2343,-829571.538082468
2344,-841862.9666885186
2345,-835680.8863850257
2346,-800537.0983567245
2347,-810293.4515648804
2348,-830630.0200875782
2349,-869239.880705995
2350,-809897.9134179426
2351,-797570.7315610743
2352,-776851.2241224054
2353,-835839.4900006739
2354,-957857.1612929207
2355,-948110.2518881528
2356,-940571.5959969882
2357,-921863.3623149882
2358,-964836.4440654
2359,-1195669.6062099745
2360,-998973.6834415651
2361,-952116.8532296065
2362,-621541.4133680526
2363,-982965.6860357845
2364,-960168.7307975675
2365,-876207.8450407352
2366,-876207.6286394136
2367,-876155.1890370164
2368,-888858.7589750007
2369,-860041.3537938938
2370,-1054547.3857116003
2371,-1054524.5355750362
2372,-805704.0907857695
2373,-828903.7565605192
2374,-833626.6236697702
2375,-642117.2363429415
2376,-565965.3840278063
2377,-578841.5177673041
2378,-983457.2363010596
2379,-1028651.2131656806
2380,-889101.8319098928
2381,-987037.8115024214
2382,-979361.2397786737
2383,-985592.6064131428
2384,-1012748.0531682498
2385,-989255.2217776391
2386,-1023977.9743176491
2387,-951518.4224233921
2388,-1034692.0955885582
2389,-932807.0375045595
2390,-937407.646736199
2391,-922616.2657205535
2392,-940425.170204382
2393,-907496.6181689447
2394,-897704.8122608348
2395,-943703.2543324599
2396,-948320.2944163086
2397,-898452.620226891
2398,-900589.8168031859
2399,-1000612.082848778
2400,-1009968.168285879
2401,-925801.1377125719
2402,-948751.8085298664
2403,-1023667.9648413977
2404,-824167.7560104406
2405,-901556.3705182151
2406,-935409.7970934067
2407,-947002.718606063
2408,-923146.846456098
2409,-958149.0110354552
2410,-915252.7500437584
2411,-952350.3506682509
2412,-951653.7493952286
2413,-958212.3593148944
2414,-911310.4214495526
2415,-1044534.1728688854
2416,-916605.3098814117
2417,-932519.5559970724
2418,-933945.3323409529
2419,-992172.9339348708
2420,-952379.0457042095
2421,-958459.3447232088
2422,-998747.7093269108
2423,-1037303.9566494424
2424,-968208.0844233945
2425,-954907.349367804
2426,-993640.1882687006
2427,-1037331.2850990464
2428,-906320.5730520184
2429,-939229.0839510546
2430,-935911.8235016181
2431,-949363.91820167
2432,-945109.1495038181
2433,-951641.006885347
2434,-942020.9804268123
2435,-952249.4363619555
2436,-948693.4159334914
2437,-953467.5612361958
2438,-853551.1135462995
2439,-941175.825091148
2440,-993249.2849179184
2441,-969143.2775381809
2442,-962645.5075451267
2443,-928553.1847849345
2444,-990331.9748645697
2445,-1033863.3706974891
2446,-1015258.4133646108
2447,-969620.9402905329
2448,-1033013.0641727628
2449,-1031912.8101803678
2450,-976566.155575307
2451,-1036214.5880464116
2452,-981855.7910557928
2453,-1009478.4938090798
2454,-978942.0808856746
2455,-477362.2656720078
2456,-970087.020144179
2457,-959913.1134177574
2458,-978434.1244328842
2459,-923148.4442379118
2460,-930221.0110321407
2461,-957192.0730393563
2462,-963843.0962197908
2463,-949731.701000823
2464,-1016183.2249300985
2465,-924767.2347662234
2466,-947493.0643716682
2467,-1001377.690060909
2468,-992720.9812995899
2469,-1043697.6097693997
2470,-898769.7279926823
2471,-961316.1790721419
2472,-947235.242278915
2473,-1008105.0232206895
2474,-1026027.8587633345
2475,-982830.5769829194
2476,-1105688.892977619
2477,-1051848.1711892097
2478,-873774.7581515101
2479,-1001235.637914354
2480,-928901.4092060616
2481,-1010336.239448041
2482,-1024494.3646414661
2483,-1003791.6873156306
2484,-978391.3229853667
2485,-986063.1750881032
2486,-998034.6635151942
2487,-1025770.7811281764
2488,-965489.3948303423
2489,-967610.8206698177
2490,-991497.070928235
2491,-973012.8485939136
2492,-837009.305817034
2493,-963690.5576966151
2494,-976645.5952224174
2495,-1009897.3045602501
2496,-820442.3096928515
2497,-990015.418282156
2498,-1058169.8770289363
2499,-972147.4264704073
2500,-1073714.5108610985
2501,-994719.5064063881
2502,-1015931.5079020397
2503,-1030032.9897686865
2504,-948426.0720633346
2505,-955063.4861797646
2506,-865183.6498002307
2507,-849020.481643756
2508,-868118.7200810816
2509,-877902.4097011191
2510,-888873.5448365108
2511,-898658.7389674865
2512,-931677.9425217651
2513,-955161.2634109383
2514,-802605.297529983
2515,-917464.6602699445
2516,-935060.0304351071
2517,-925122.5404984367
2518,-920849.2636599658
2519,-931754.6120341967
2520,-931784.4238618684
2521,-931748.3370229967
2522,-928808.656404696
2523,-916588.8037695024
2524,-887803.6791205547
2525,-874723.459856286
2526,-901593.487745132
2527,-949668.6267220554
2528,-910042.5004164584
2529,-920739.307223079
2530,-907942.7826316012
2531,-898680.0114224057
2532,-931689.9328051883
2533,-928794.1466443944
2534,-886100.6686230599
2535,-918977.5393251494
2536,-931781.4909368757
2537,-876699.5278346564
2538,-931687.1316363009
2539,-898668.792385789
2540,-905442.9232445427
2541,-931699.9159246446
2542,-948256.679202428
2543,-895295.0854583808
2544,-983598.959472893
2545,-996787.5869751121
2546,-965899.9652522741
2547,-937830.6421943499
2548,-1070949.0090753145
2549,-1014302.6356107765
2550,-891617.0675025327
2551,-1027810.9768717207
2552,-988118.1962769413
2553,-1158313.3825500316
2554,-1129095.7026003425
2555,-516999.9044149209
2556,-1011009.6091614566
2557,-990277.211485719
2558,-1187408.8508873975
2559,-806585.3834287634
2560,-841254.5660266698
2561,-863892.5952779781
2562,-880257.8831437408
2563,-873649.0418608311
2564,-829738.054171976
2565,-809958.4997447014
2566,-867080.8831260197
2567,-873323.1197101332
2568,-809512.519672005
2569,-808633.4647887996
2570,-1116834.7370402175
2571,-828364.2761343966
2572,-925925.1750738865
2573,-802420.8810876884
2574,-776215.8951323354
2575,-952969.662191305
2576,-999314.5238622912
2577,-999705.4917896899
2578,-919599.0431426388
2579,-1029389.1025755198
2580,-1227441.3847068972
2581,-1144334.4320172693
2582,-1097316.4799420882
2583,-879517.355397023
2584,-863338.4341484183
2585,-956660.8915291302
2586,-948536.6720434362
2587,-955112.6335502547
2588,-947321.8407511695
2589,-857849.216495299
2590,-968864.4508337548
2591,-874111.7858327982
2592,-896531.4925887997
2593,-889745.9003617794
2594,-880890.0470090925
2595,-883975.2185298455
2596,-866097.2105559108
2597,-906443.0635574225
2598,-929291.2963728682
2599,-846568.6139556537
2600,-961623.6304730678
2601,-1046646.4320481638
2602,-1164539.9456270535
2603,-967936.8891251136
2604,-1175150.0431780964
2605,-1171015.7225075595
2606,-877018.346659038
2607,-935372.0288660522
2608,-961813.4825948552
2609,-1001575.682639613
2610,-905499.4249106186
2611,-1022363.9273176232
2612,-956021.9646996752
2613,-989204.402330144
2614,-998649.8995446292
2615,-923934.0338635833
2616,-936076.6264379349
2617,-894681.4636904992
2618,-899177.484186512
2619,-904435.3992475263
2620,-970714.2092485589
2621,-970726.7439558775
2622,-974246.5931352886
2623,-951050.2862537759
2624,-940045.7805054116
2625,-512346.4511919369
2626,-931200.3023504575
2627,-355020.6233917648
2628,-275410.1248609364
2629,-265585.15846943506
2630,-279257.21544403327
2631,-268868.8915802231
2632,-275410.77659032494
2633,-342018.1768189238
2634,-223642.28086486366
2635,-894809.9278852462
2636,-1025396.3420357816
2637,-891662.7157639158
2638,-843886.3621605842
2639,-965647.2338463193
2640,-989801.5304559409
2641,-948890.4507733957
2642,-959332.4346860306
2643,-1054946.1622565095
2644,-1056937.4779005665
2645,-1062621.7261872822
2646,-1075698.8096819704
2647,-1075681.8698932817
2648,-950919.6986959967
2649,-944949.3565135417
2650,-942948.8812421387
2651,-1111406.9392616157
2652,-630070.0501928569
2653,-603943.4032000042
2654,-616575.7353694134
2655,-594155.8477973345
2656,-630747.7328997767
2657,-650864.2032027851
2658,-657657.2219018642
2659,-640454.8118295718
2660,-640466.5740316404
2661,-597100.6474706132
2662,-594181.4919411666
2663,-643468.2060022531
2664,-696418.1524333932
2665,-594164.7486628857
2666,-696390.8362377174
2667,-970607.0266262369
2668,-960846.8310790145
2669,-937525.51067436
2670,-933855.4468354072
2671,-960846.8899921721
2672,-1021208.6607503571
2673,-1021248.0643192669
2674,-1029982.9346409095
2675,-1021251.2801497437
2676,-960862.4166444268
2677,-970626.7313213563
2678,-939141.3630361204
2679,-556616.9716043699
2680,-563038.7586678644
2681,-549675.6450570495
2682,-559506.5923225307
2683,-545877.8674147995
2684,-556613.0659639752
2685,-556589.3980998382
2686,-853468.3252003002
2687,-782957.6193147104
2688,-816880.5647261371
2689,-800559.1991836133
2690,-799185.2957102503
2691,-853086.2453719394
2692,-957866.3582565223
2693,-921888.5742754055
2694,-957867.4810072132
2695,-952001.650882149
2696,-954949.0524456983
2697,-964776.396769145
2698,-964862.1656867019
2699,-1010415.2402443181
2700,-1010423.6581628149
2701,-961947.5223106489
2702,-984992.1563111865
2703,-1087160.069714962
2704,-971896.1717780017
2705,-997953.8984712999
2706,-991386.1234219052
2707,-971918.3345213056
2708,-975299.1549327454
2709,-1015092.6306647594
2710,-991396.5567816542
2711,-569104.3337144705
2712,-559536.598975752
2713,-876618.9625152783
2714,-1050627.3386710212
2715,-1054530.0864045522
2716,-1049486.6777632276
2717,-861860.9120768141
2718,-800595.0632715824
2719,-1055180.6143336608
2720,-986002.5739611692
2721,-937323.5901043325
2722,-970317.9992375922
2723,-914524.0204088688
2724,-846935.0182189217
2725,-958073.7378309882
2726,-913008.4148881586
2727,-984078.751143243
2728,-902000.1468372657
2729,-960946.7239332006
2730,-939197.8922960409
2731,-884558.6357645546
2732,-940594.6624312404
2733,-924972.6804164613
2734,-951670.3526141599
2735,-958270.3932865676
2736,-978913.6129009146
2737,-945858.272606787
2738,-1044400.5660027616
2739,-901513.7182923224
2740,-914592.4637498815
2741,-942049.0143458969
2742,-905041.5741114186
2743,-930271.8589037211
2744,-938999.1061199894
2745,-928905.09543368
2746,-951748.2618575582
2747,-899242.5523265695
2748,-893629.5138352778
2749,-952354.2780777572
2750,-932647.8285764037
2751,-948843.2093454872
2752,-835420.987016989
2753,-931586.1257737116
2754,-994933.4662053627
2755,-922928.3110136102
2756,-960179.1696297977
2757,-926998.8850967647
2758,-1010896.1169848106
2759,-1002933.7493924873
2760,-1001106.869278089
2761,-916391.9144318248
2762,-932254.8615257521
2763,-917237.9339235749
2764,-908227.1091786866
2765,-939704.8803983702
2766,-963064.5595778286
2767,-1070732.7571662706
2768,-1087693.535148261
2769,-964667.6623332661
2770,-906706.7139366252
2771,-945751.5140177426
2772,-1028598.8817249169
2773,-1021609.0419984363
2774,-1023358.9003219721
2775,-1033508.9059688747
2776,-980558.5249693004
2777,-1015486.5043087965
2778,-1026354.3782347323
2779,-1039505.2116445665
2780,-959373.1213621234
2781,-956054.6363749449
2782,-1023165.0763758012
2783,-1085239.5814875695
2784,-1026365.5009191066
2785,-980354.6173166872
2786,-988707.6550006726
2787,-991071.1595041621
2788,-995212.4446610867
2789,-995695.627152213
2790,-1129165.8228572577
2791,-986704.9384219092
2792,-1239844.666577819
2793,-980574.3829214773
2794,-996427.356561758
2795,-963858.1907719438
2796,-907083.4422591716
2797,-995307.363324851
2798,-978969.9871083117
2799,-1009587.459914404
2800,-961711.0655973051
2801,-916253.9111725882
2802,-1021694.5752749031
2803,-1080387.2204561627
2804,-983236.855575197
2805,-949660.9046197596
2806,-1033940.6369227936
2807,-1035355.1541360073
2808,-970659.7021934002
2809,-949064.0316680461
2810,-994331.2298916259
2811,-961028.0257079778
2812,-935842.6321281705
2813,-1098221.1097000814
2814,-1101158.5851111948
2815,-960948.2536153395
2816,-821826.3986332291
2817,-841473.5512170141
2818,-860686.9923891712
2819,-867926.05879461
2820,-978801.448835846
2821,-1026183.8990286859
2822,-988680.723253468
2823,-965660.2966139473
2824,-952175.8278462661
2825,-978654.4818419298
2826,-980447.6885474718
2827,-996564.6994489728
2828,-971339.0488973603
2829,-980523.511076294
2830,-914488.6878386526
2831,-898666.5778122611
2832,-908312.4487433446
2833,-849104.5741186447
2834,-931675.4247867423
2835,-895679.9481917309
2836,-931701.8217678245
2837,-840193.3964916
2838,-899464.3529989772
2839,-941599.0676919698
2840,-898740.557287602
2841,-931770.4945797481
2842,-928830.5359924075
2843,-954011.8651125914
2844,-850745.8160041769
2845,-918923.9107818111
2846,-928790.0685548944
2847,-941511.4684251957
2848,-870783.9298174385
2849,-935255.239401302
2850,-898316.7401420048
2851,-925906.3250650008
2852,-911039.3818506862
2853,-931799.1842660896
2854,-996703.8600518992
2855,-898672.4691489971
2856,-931670.4406603732
2857,-931700.1591335731
2858,-892780.056142498
2859,-1036936.0396282765
2860,-1125489.9717483562
2861,-1006364.5262518832
2862,-994811.7885776772
2863,-1013292.16954112
2864,-994739.823926483
2865,-1027810.9768717207
2866,-1220417.9109558456
2867,-1019250.6536951719
2868,-1002974.9892807247
2869,-1016461.0968227537
2870,-990561.0545156273
2871,-1062839.970960087
2872,-1005276.5962528222
2873,-1020939.8856397448
2874,-1078147.433021109
2875,-1055192.8008048867
2876,-1078269.768658314
2877,-1088094.6716077768
2878,-847871.6878659899
2879,-1078143.6034582278
2880,-1088491.3201044924
2881,-842008.2732598607
2882,-843722.3349397249
2883,-810627.7951328475
2884,-810412.1194467092
2885,-842061.3844378314
2886,-878986.7837104921
2887,-925822.3503525967
2888,-953162.910679944
2889,-971384.0042473014
2890,-935852.7974673975
2891,-979704.2931142594
2892,-1165218.3237268992
2893,-1226695.2736314018
2894,-1226821.1253658729
2895,-879512.4741145959
2896,-879543.789042726
2897,-961410.1413224516
2898,-1079475.3151507315
2899,-951094.7838239142
2900,-932484.6460581658
2901,-907857.1828568445
2902,-903461.0561105814
2903,-866048.773007475
2904,-856322.8614799
2905,-1035618.499925621
2906,-1040939.4614479917
2907,-1151050.1562752626
2908,-992349.7968733974
2909,-1068612.9964592478
2910,-978609.9832450191
2911,-1164539.946639307
2912,-1005341.2027064536
2913,-1160399.58086513
2914,-1181683.849222071
2915,-1168616.2132449374
2916,-1160399.562593953
2917,-967011.821641954
2918,-918239.742784162
2919,-970318.4228829416
